5.1876 4.6936 -2.465
5.957 6.9403 -15.293
-2.0126 6.835 -12.1
6.4 4.2994 -14.831
3.7277 0.18342 16.488
-2.3789 7.6232 -15.818
-0.69496 6.4985 10.101
2.2595 4.3683 16.702
6.3259 8.703 -23.194
6.782 6.1437 -24.814
-1.7781 6.8883 -6.5111
6.0569 11.164 -18.994
6.4182 8.0448 -23.714
1.8827 2.652 15.878
4.4072 8.362 5.86
-1.1135 1.2028 -8.3207
1.7697 -1.5289 20.244
6.2681 5.4317 -16.284
5.5146 -0.28327 8.1561
6.2073 9.498 -21.94
3.6248 2.9075 12.083
-2.7425 6.9601 -29.829
5.1584 7.4686 -5.0039
6.7717 3.0352 -15.016
3.4691 5.6281 12.313
4.4417 5.1351 4.2204
4.948 -0.13535 11.454
1.4561 -1.3218 18.572
3.7303 2.0428 12.773
-0.68122 -0.3872 -1.184
4.1914 2.7315 9.1047
-2.2283 2.863 -27.812
-0.39172 4.6059 5.3059
-2.6951 7.1652 -27.426
-2.2998 7.1369 -17.154
5.8415 -0.20516 5.419
4.3022 0.81523 12.472
0.022048 4.2617 8.6961
6.239 8.4408 -21.498
-2.5711 5.7146 -30.531
1.092 4.7335 16.609
0.095545 7.1021 23.1
5.0033 1.4325 6.4752
5.3828 1.0092 4.8741
-1.293 5.3832 -4.9408
1.5136 5.2175 18.727
1.6404 1.4018 15.775
3.6828 1.5329 13.854
3.9277 4.7739 8.7409
5.0877 -0.43089 11.536
-0.20714 3.2696 4.4933
3.5877 4.8235 11.168
3.9939 -0.3179 16.775
-0.92639 1.0893 -5.5719
-2.2973 8.047 -10.018
1.8642 3.5432 16.184
6.6423 6.3012 -23.318
-0.10727 6.2269 15.262
3.2666 -0.40933 19.06
-0.41781 1.3003 0.96731
4.2228 5.8725 5.9817
-0.2624 2.2741 2.9296
2.3335 0.60355 17.763
3.999 3.3992 9.3655
5.8227 6.1414 -12.21
6.8137 4.8291 -21.43
2.6286 1.5687 16.528
-2.0047 7.2762 -8.9485
-1.9837 7.614 -5.7643
-0.55246 4.4797 2.9991
5.3747 5.0461 -5.0433
-0.11737 1.0422 4.3707
4.5996 7.9518 2.6566
-0.12523 0.29655 4.6991
6.6056 3.498 -14.713
0.1379 5.3246 13.088
-1.0742 4.446 -4.4182
-1.1009 7.2875 9.8218
3.6461 -1.0379 19.803
1.0496 6.7008 24.451
-0.059864 6.4722 17.206
5.38 4.0662 -3.1862
3.4511 -2.2025 23.469
2.4309 3.1379 15.828
5.4692 10.087 -8.7452
0.051221 1.9423 6.0269
5.1272 -0.82715 12.619
4.1701 6.2255 6.5432
0.47789 4.9581 14.283
2.9476 0.603 17.528
-2.276 5.8976 -22.825
-2.2521 4.4729 -26.378
2.1251 3.8652 16.404
5.1561 1.0443 6.4678
6.2232 6.7535 -18.601
-2.2367 8.1386 -7.4676
2.8685 1.2893 16.577
1.6693 2.7538 15.561
-2.4286 3.1892 -31.843
0.5124 1.9665 9.9543
-0.76818 -0.40295 -2.3044
4.6894 5.8317 1.3082
-0.35497 6.0833 11.854
2.5075 0.85735 17.462
-1.2165 3.5589 -8.5212
2.8657 3.7964 14.803
0.28602 -1.8927 11.64
3.1818 5.3391 14.012
4.2812 0.005833 14.678
3.7008 8.2792 15.091
1.3767 3.4548 15.289
-1.8726 3.3797 -20.322
-0.94519 5.3566 0.5651
6.313 4.0294 -13.046
-0.88151 -0.15861 -4.0994
4.9766 6.2748 -2.1542
2.7395 -0.30179 19.372
6.9296 6.9357 -28.968
-2.5529 7.7377 -19.728
1.026 5.1521 17.57
-2.0019 5.676 -17.54
7.1829 1.2502 -12.696
-2.8979 6.4012 -36.535
4.6077 4.7469 3.0633
4.771 6.8763 0.012497
5.1794 8.1136 -5.3304
-1.9385 3.9285 -20.85
0.98143 2.7675 13.197
-0.65793 5.1963 4.0001
4.2279 8.6713 9.0673
1.1368 3.7655 14.882
5.4613 9.412 -9.2249
-1.8415 8.122 2.6717
0.27283 -1.7607 11.28
-1.364 3.366 -11.215
-1.5564 4.2183 -13.065
5.2322 7.7766 -6.0749
3.1796 -0.56709 19.563
2.8132 -0.040224 18.832
-1.2849 2.7106 -10.618
5.9758 0.70715 1.0391
3.3824 1.3727 15.232
0.32249 4.109 10.895
1.9248 3.8354 16.443
0.81003 4.0176 13.845
-2.2364 5.6091 -22.975
-0.84504 5.2706 1.6996
-1.3006 1.3301 -11.228
-0.647 0.13537 -1.2606
-0.83186 5.183 1.5521
1.6695 -1.5057 19.827
-3.0774 9.4303 -19.995
5.3348 9.4132 -7.0913
6.9694 1.0618 -9.697
2.0673 1.1601 16.844
2.2915 -0.83899 20.16
0.6838 0.51058 11.657
5.7304 6.8351 -12.095
0.85239 1.5032 12.257
-2.5425 8.9295 -7.6174
4.2913 6.9374 5.6029
1.0527 1.4289 13.407
-1.0164 6.345 4.3569
0.63863 5.1475 15.869
-2.0361 5.3311 -19.494
-2.3817 8.8726 -3.2178
6.065 7.9256 -18.209
7.0959 0.94757 -10.538
2.5784 3.5868 15.595
-2.9509 9.1453 -18.884
-0.093528 -0.85943 6.2703
0.16427 5.1594 12.677
4.7842 6.7885 -0.13398
-2.8769 6.8155 -34.224
-2.1941 3.2914 -26.812
-1.4933 5.5951 -7.6651
3.0026 5.7853 15.656
3.6587 7.242 12.856
3.1872 4.5636 13.534
1.7327 0.61598 16.713
2.067 4.9562 17.875
0.48098 -1.076 11.951
4.861 -0.35518 12.667
-1.2139 4.8324 -5.5391
3.8646 2.7219 11.059
-0.51515 -1.1455 1.8892
1.0897 -0.5879 15.475
3.2901 2.1491 14.4
4.5814 4.9451 3.0961
-2.8561 9.3931 -12.221
6.5846 2.5945 -11.432
5.201 -0.46474 10.926
1.4266 5.1317 18.408
0.92589 5.1661 17.258
0.93374 5.7082 19.257
0.66023 -1.9169 14.82
1.4819 6.007 21.346
2.6104 -1.9742 23.097
5.5225 0.74118 4.6412
4.22 8.0612 7.8467
3.82 -0.68393 18.359
1.2821 -1.5044 18.059
4.9345 4.8712 -0.20225
2.6393 -0.31857 19.413
0.63891 1.7008 10.844
5.5298 10.458 -9.3902
6.5341 9.8606 -27.928
1.8561 6.2244 21.763
2.4516 7.054 22.532
2.7841 2.8246 15.266
-0.73676 2.5004 -2.7114
-0.033215 3.3333 6.366
2.1835 -1.7144 21.82
-0.82653 4.5432 -0.47873
5.0899 6.305 -3.4969
-0.46774 -0.7301 1.8888
-0.23323 -0.38836 4.1817
-1.6252 6.4545 -5.9971
-0.45736 1.644 0.48585
1.0973 4.042 15.169
0.14604 2.6623 7.2925
6.3262 3.9116 -12.848
1.8224 -2.0441 21.536
-0.58107 -0.49616 0.21266
5.9018 5.5191 -11.991
6.1941 9.5828 -21.76
0.72812 6.3137 21.377
-2.4238 8.3178 -10.967
-0.077818 0.6913 4.9345
0.37494 6.651 21.664
3.3457 -1.1608 20.754
-0.6052 4.8437 3.4345
2.3436 6.4652 20.917
7.1352 6.2294 -29.937
-1.0585 5.5329 -0.45236
-1.8095 4.8707 -16.228
-0.76622 7.3364 15.612
0.64172 -0.82631 12.847
1.274 1.9928 14.311
1.851 3.6381 16.248
-1.9517 4.0361 -20.931
6.513 9.1457 -26.803
5.2958 0.7742 6.2593
-3.225 9.4605 -25.238
5.9043 7.3274 -15.122
4.4893 1.0942 10.736
1.5453 4.3623 16.861
2.7498 2.2708 15.7
-0.17263 -0.10532 4.5451
1.1262 5.1417 17.84
5.8224 10.279 -15.082
2.6076 0.87502 17.412
1.6479 5.6363 19.988
-0.8529 4.7289 -0.30368
1.5585 4.2733 16.73
2.6362 6.0252 18.205
4.0809 -0.13035 15.932
0.80218 3.3895 12.83
0.15894 5.7608 15.147
7.0062 4.1567 -21.636
-2.8875 7.92 -28.162
6.0443 2.2474 -4.7735
5.2821 9.7085 -5.8712
4.7211 4.7517 2.0103
-2.2075 6.5372 -18.343
-0.44698 3.7175 2.5184
0.056271 4.6565 10.08
4.1073 -0.38083 16.497
-1.3719 2.7202 -12.027
4.4683 0.28077 12.987
-1.8041 4.1869 -17.755
3.2135 4.3776 13.361
2.4101 -1.9806 22.867
4.1911 6.8337 6.6365
3.8935 4.2097 9.2932
5.2479 9.1902 -5.8434
5.4773 6.9292 -8.8772
0.25404 3.2554 8.8588
3.179 7.3524 17.883
-0.69188 1.3582 -2.4464
-3.37 10.193 -20.966
4.4972 2.002 8.5531
1.7245 3.8198 16.318
1.4715 4.1842 16.447
5.2215 9.3406 -5.2638
3.2876 0.35498 17.369
3.7042 -2.6642 24.453
5.3879 4.9418 -4.9997
5.2167 1.5192 4.6377
3.3036 -2.8025 25.428
-1.6041 6.8296 -3.2397
-0.38359 1.7804 1.3756
6.2289 0.4393 -0.19301
-3.1327 8.9498 -27.445
1.6903 3.3437 15.864
-1.0846 2.479 -7.6685
5.8302 10.956 -14.625
4.4077 -0.17176 14.561
1.7773 3.4419 16.042
1.2791 4.8007 17.293
-2.8323 8.4928 -21.766
4.1205 -0.50713 16.792
-2.049 1.9783 -24.443
-2.9167 9.339 -15.201
1.9512 3.6475 16.292
-1.8911 4.2166 -19.395
5.1982 2.699 1.6455
5.2905 1.8715 3.0606
4.6924 -1.933 18.757
-1.5881 5.0839 -11.317
2.8048 6.9396 19.697
2.3863 0.13673 18.502
6.7663 4.1853 -18.819
2.7706 6.5144 18.661
6.9349 5.8693 -26.123
0.74916 6.7158 23.826
0.65434 6.1864 20.383
6.4892 10.959 -27.69
-1.6089 1.0065 -16.177
-2.2763 8.3474 -6.4061
-1.7306 7.0907 -4.0772
0.3065 5.9932 17.39
5.1006 4.47 -1.2099
4.431 6.7929 3.9582
-2.9245 9.0053 -19.581
0.68352 4.2285 13.581
1.437 6.7979 25.097
1.2925 1.0354 14.761
3.3058 3.7045 13.011
2.7417 5.3747 16.448
0.19625 0.69965 7.591
0.83892 5.1015 16.696
-2.8505 6.6249 -34.344
7.0511 2.5924 -16.547
-0.90003 0.84768 -5.1086
-1.6459 2.8803 -16.61
-0.091563 7.1081 21.58
-0.5864 0.40107 -0.69908
1.9935 0.9356 16.961
-0.1415 5.8975 13.131
5.5957 10.1 -11.042
6.89 7.257 -29.194
-1.9093 1.4502 -21.703
4.4762 1.2138 10.517
-1.093 7.6712 13.63
0.62012 5.8353 18.499
1.7296 6.3473 22.506
6.8087 0.33697 -5.1613
1.2793 1.1473 14.631
5.9621 10.219 -17.696
7.2724 3.8829 -23.95
3.5614 5.0073 11.365
3.7356 1.0725 14.52
2.903 -2.8838 25.753
3.9701 1.8388 11.961
6.6897 6.9021 -25.439
-0.82625 0.97772 -4.1457
-1.5511 3.5035 -14.239
6.8743 5.3504 -23.79
-1.3483 4.5677 -8.5607
-2.1887 2.503 -27.144
2.9846 -1.6591 22.398
4.8024 9.5584 2.1343
3.4719 3.2608 12.49
-0.96342 2.9192 -5.5026
0.48855 3.5969 11.155
1.6008 1.7279 15.494
6.3708 7.4836 -22.048
6.389 10.773 -25.713
5.3932 3.9563 -3.0786
3.7858 -1.3762 20.374
0.99742 0.25268 13.91
-1.003 3.2383 -5.7035
1.5113 -0.029473 16.742
1.7879 1.8187 15.907
-1.9941 6.1871 -15.187
2.3411 5.2105 17.72
-1.2035 6.44 1.8185
1.4008 -2.682 21.177
3.1981 -1.7394 22.469
-0.19115 0.89162 3.6426
-0.82681 7.2041 13.527
3.1426 1.6201 15.548
-0.47335 3.9123 2.5898
5.251 2.2304 2.4053
6.4763 6.6667 -21.902
4.4419 0.52769 12.463
0.9343 -1.8335 16.619
3.119 -0.97195 20.592
-1.7646 3.8698 -17.579
6.2894 0.97524 -2.7204
5.4221 5.5863 -6.4697
4.7553 5.3549 1.0129
0.14632 -1.4181 9.5116
3.2851 -1.5797 21.944
-2.3153 2.9051 -29.594
0.59375 5.9858 19.077
7.457 2.0399 -18.971
-1.4616 4.7768 -9.9532
-0.81306 0.8572 -3.9171
0.92336 3.8997 14.195
-1.456 0.35654 -13.193
2.8236 2.5143 15.367
1.9515 -0.45732 18.791
3.2767 6.1423 14.327
4.2074 -0.31469 15.892
3.4615 0.6794 16.262
-2.2942 3.4487 -28.762
-2.4816 6.7789 -23.858
-0.15721 4.8556 8.6509
1.5161 6.3836 22.937
2.9156 5.6454 15.954
1.4956 -1.7042 19.495
4.7025 5.7377 1.2329
3.3715 6.9171 14.966
5.8013 9.6514 -14.954
1.4897 6.5245 23.624
0.60216 -0.45459 12.046
-1.4613 1.2266 -13.794
2.8051 3.4636 15.008
4.3151 5.2274 5.3122
0.96291 3.6195 13.951
-2.4132 7.3551 -18.651
7.0985 3.2788 -19.645
-1.8386 6.7606 -8.6501
-0.8874 7.0693 11.469
1.7301 -1.15 19.36
2.0962 2.5633 16.045
0.97329 5.4741 18.485
4.9791 7.8456 -2.5701
6.6185 8.3949 -27.414
6.3812 10.02 -25.308
3.7911 -2.485 23.704
5.9913 7.5781 -16.687
-0.027606 -1.5074 7.9316
3.2214 5.076 13.573
-0.44446 4.9621 5.8308
3.7883 0.60073 15.317
3.6986 3.1818 11.396
-2.3629 5.9463 -24.682
-0.36255 2.3556 1.847
-0.74209 3.2549 -1.9918
2.9103 6.3439 17.314
4.7974 6.7001 -0.27232
-0.29971 6.7751 16.889
4.3547 4.9402 5.1472
3.4192 3.6642 12.474
-3.1484 8.1489 -34.679
2.7313 3.2285 15.246
0.061321 6.8087 20.557
5.7884 5.4809 -10.557
-2.4364 2.5096 -32.27
1.9041 -0.93585 19.513
1.0288 3.1382 13.706
0.69642 6.9781 25.424
4.3337 4.2525 5.9626
-0.31542 5.8505 11.067
3.946 7.5987 10.381
0.82294 6.84 24.856
-2.5447 5.5123 -30.517
-1.7175 7.0137 -4.3456
3.3978 6.7644 14.413
1.991 -0.82424 19.537
-1.6409 5.4583 -11
0.21448 3.5484 8.9567
2.2039 6.641 22.203
-0.87113 2.1496 -4.7491
6.7001 9.6023 -30.57
-0.18582 0.017871 4.286
5.8412 5.055 -10.285
-0.64475 5.1092 3.8465
3.6666 7.8417 14.195
-1.881 8.315 3.9131
-0.10166 2.4434 4.7445
-2.3868 7.1889 -19.049
1.9431 6.324 21.925
4.0994 -1.3419 19.287
2.8371 -2.2159 23.863
1.0025 3.3329 13.78
3.3429 1.7097 14.826
2.9473 4.728 14.799
3.2741 4.7152 13.101
3.0318 3.3511 14.299
5.3559 10.003 -6.7927
-1.5621 7.517 2.9945
3.7723 3.4573 10.697
-0.72105 3.7717 -0.85364
-1.6644 3.7385 -15.927
2.4017 5.4947 18.07
0.83359 5.7216 18.953
1.1842 4.1177 15.605
2.6651 7.0924 21.248
4.7028 1.1466 9.2893
0.61787 1.0848 10.84
2.6783 7.0226 20.896
0.87595 3.551 13.433
5.6939 -0.98174 9.3966
5.4092 0.75636 5.4655
-0.37573 2.4632 1.7658
3.1347 0.78616 16.886
