2.4035 4.7182 -7.7465
1.1338 6.9615 -20.535
-6.2387 6.7509 -16.14
1.6792 4.3273 -20.151
3.9768 0.20883 11.198
-7.1907 7.5301 -19.754
-1.473 6.4562 5.5844
2.5029 4.3735 11.642
0.24279 8.7206 -28.395
0.47575 6.166 -30.069
-5.1368 6.8135 -10.655
0.59806 11.182 -24.202
0.26186 8.0632 -28.924
2.0258 2.6514 10.885
2.88 8.3846 0.60226
-4.6849 1.1355 -12.552
2.6515 -1.526 15.211
1.3072 5.4562 -21.564
4.4496 -0.24236 2.6885
0.31021 9.5153 -27.137
3.1514 2.9265 6.865
-9.7243 6.8471 -33.538
1.9412 7.4899 -10.247
2.0347 3.0681 -20.393
2.9964 5.645 7.1192
2.7026 5.1566 -1.0261
4.4019 -0.098655 6.0348
2.0783 -1.325 13.608
3.3749 2.0641 7.5295
-3.1241 -0.44074 -5.5721
3.2494 2.7551 3.8349
-8.8461 2.7596 -31.63
-1.8949 4.5628 0.7988
-9.3057 7.0554 -31.171
-7.3142 7.0435 -21.087
4.3448 -0.16273 -0.065987
3.9097 0.84412 7.142
-0.9532 4.2279 4.0827
0.4248 8.4591 -26.707
-9.6473 5.6033 -34.259
1.3302 4.7227 11.732
1.3253 7.0844 18.302
3.6592 1.4645 1.1097
3.7903 1.0446 -0.53146
-4.3925 5.3168 -9.1814
2.0702 5.2147 13.76
1.7873 1.3979 10.819
3.5035 1.5548 8.604
2.9044 4.7934 3.5189
4.5567 -0.39217 6.0938
-1.821 3.2282 -0.034092
2.9462 4.8408 5.9694
4.2913 -0.2885 11.439
-4.0702 1.0276 -9.8665
-6.212 7.9612 -14.038
2.043 3.5426 11.191
0.56865 6.3232 -28.57
-0.084474 6.1982 10.591
3.9301 -0.3874 13.809
-2.5517 1.2525 -3.4863
2.7509 5.8929 0.74858
-2.1057 2.2304 -1.5711
2.7926 0.61127 12.674
3.0909 3.4204 4.1232
1.4924 6.1642 -17.47
1.0523 4.8556 -26.733
2.8786 1.5791 11.41
-5.7458 7.1956 -13.027
-5.2334 7.537 -9.8848
-2.4114 4.4319 -1.4549
2.1817 5.0705 -10.322
-1.7211 1.0022 -0.17157
2.5765 7.9736 -2.5924
-1.6675 0.25681 0.15327
1.9116 3.529 -20.067
-0.16884 5.2969 8.404
-4.0822 4.3832 -8.7003
-1.9281 7.2393 5.3729
4.4294 -1.0099 14.484
2.4837 6.6976 19.488
0.26195 6.4461 12.504
2.4897 4.0927 -8.4896
4.8241 -2.1732 18.134
2.5528 3.1446 10.751
1.6294 10.108 -13.988
-1.3087 1.9062 1.4391
4.7698 -0.7867 7.1562
2.7815 6.2457 1.3118
0.35825 4.9364 9.5314
3.3625 0.61884 12.347
-8.1575 5.7986 -26.694
-8.6681 4.3706 -30.208
2.3306 3.8684 11.369
3.8143 1.0784 1.0781
0.88377 6.7748 -23.844
-5.7559 8.0564 -11.527
3.1269 1.303 11.42
1.7641 2.7499 10.605
-9.6767 3.0787 -35.581
-0.24151 1.9409 5.2467
-3.3844 -0.45887 -6.6652
2.4839 5.8534 -3.9406
-0.85825 6.0475 7.263
2.9142 0.8671 12.351
-4.85 3.4899 -12.732
2.8135 3.8079 9.6715
-0.14983 -1.9192 6.9427
2.9815 5.354 8.8429
4.2438 0.036871 9.3233
3.6221 8.302 9.8307
1.4232 3.4466 10.383
-7.3346 3.2891 -24.287
-3.1906 5.3008 -3.797
1.8753 4.0581 -18.374
-3.7794 -0.21802 -8.4204
2.222 6.2968 -7.405
3.4567 -0.28673 14.2
-0.036738 6.9556 -34.195
-7.9734 7.6381 -23.589
1.4091 5.1414 12.692
-7.0602 5.5864 -21.516
2.8268 1.2914 -18.167
-10.915 6.2791 -40.139
2.6916 4.7695 -2.1953
2.3484 6.8977 -5.2321
1.9023 8.1347 -10.572
-7.4895 3.8364 -24.797
0.71609 2.7517 8.3771
-2.3694 5.1481 -0.44895
3.1986 8.6948 3.7987
1.1187 3.7536 10.019
1.5561 9.4327 -14.461
-3.7852 8.0559 -1.5735
-0.2207 -1.7878 6.5896
-5.413 3.2921 -15.37
-5.9028 4.1397 -17.166
1.843 7.7977 -11.316
3.9247 -0.54579 14.319
3.4418 -0.024756 13.655
-5.2329 2.6385 -14.794
3.7825 0.74665 -4.4124
3.4237 1.3919 10.012
-0.3117 4.0817 6.2078
2.1392 3.8359 11.438
0.63088 4 9.0461
-8.1378 5.5105 -26.848
-2.9137 5.2174 -2.6921
-5.3246 1.2572 -15.395
-3.1094 0.082171 -5.6525
-2.9225 5.1298 -2.84
2.4873 -1.5046 14.815
-8.5561 9.3231 -23.769
1.7636 9.4344 -12.334
3.0859 1.1034 -15.172
2.379 1.1631 11.809
3.1443 -0.82914 15.047
0.21304 0.4893 6.9008
1.4096 6.8566 -17.342
0.4594 1.4847 7.4674
-6.0921 8.8428 -11.627
2.745 6.9582 0.36489
0.83758 1.4145 8.5729
-2.6835 6.2921 -0.039417
0.76147 5.1296 11.072
-7.3938 5.2389 -23.441
-5.2469 8.7929 -7.3061
0.77255 7.945 -23.432
3.0814 0.98994 -16.022
2.6561 3.5953 10.499
-8.2542 9.041 -22.692
-1.3756 -0.89695 1.6991
-0.20457 5.1317 7.9939
2.3398 6.81 -5.3789
-10.54 6.696 -37.859
-8.6624 3.1895 -30.647
-5.0178 5.523 -11.841
3.0544 5.7994 10.494
3.2463 7.2619 7.6278
2.9227 4.578 8.3683
2.0354 0.61439 11.731
2.4875 4.96 12.831
0.08011 -1.0996 7.2207
4.5079 -0.31835 7.2457
-4.4001 4.7665 -9.7853
3.2313 2.7431 5.8163
-2.4708 -1.1934 -2.5631
1.2238 -0.59947 10.607
3.1923 2.1662 9.2054
2.668 4.9674 -2.1587
-7.1256 9.2972 -16.125
2.4145 2.6288 -16.824
4.5739 -0.42513 5.4728
1.9357 5.1274 13.458
1.2615 5.1537 12.401
1.5733 5.698 14.374
0.7157 -1.9349 10.026
2.4362 6.0064 16.352
3.9325 -1.9568 17.897
3.8956 0.77835 -0.78363
3.0089 8.0833 2.5936
4.3712 -0.65518 13.03
1.8291 -1.5105 13.128
2.5038 4.8948 -5.4718
3.3644 -0.30483 14.256
0.025656 1.678 6.1051
1.5837 10.48 -14.634
-0.3052 9.8759 -33.103
2.8679 6.2294 16.706
3.5646 7.0679 17.374
2.8183 2.8356 10.141
-3.4564 2.4442 -7.0691
-1.3582 3.2963 1.7887
3.3083 -1.7041 16.703
-3.225 4.4879 -4.8475
2.1243 6.3271 -8.7489
-2.4297 -0.77741 -2.5705
-1.8454 -0.43005 -0.34168
-4.8998 6.3823 -10.172
-2.6705 1.5951 -3.9553
1.1206 4.0298 10.309
-1.0277 2.6288 2.6752
1.9206 3.9407 -18.181
2.912 -2.0391 16.479
-2.8061 -0.54683 -4.2082
1.6131 5.5432 -17.267
0.32409 9.6 -26.957
1.6923 6.3029 16.5
-6.4885 8.2292 -14.954
-1.5894 0.65243 0.37879
1.3837 6.6356 16.84
4.2826 -1.1359 15.47
-2.4006 4.7956 -1.0162
3.2143 6.4758 15.795
0.025071 6.2511 -35.184
-3.4635 5.4745 -4.7842
-6.6546 4.7852 -20.25
-0.69584 7.299 11.041
0.37511 -0.84677 8.081
1.1893 1.9822 9.4316
2.0387 3.6374 11.257
-7.5167 3.9438 -24.875
-0.14085 9.162 -31.989
3.9235 0.81 0.85005
-9.5194 9.3456 -28.925
1.1031 7.348 -20.358
3.8201 1.1237 5.3977
1.8223 4.358 11.91
2.8596 2.2819 10.574
-1.7328 -0.14583 0.0080653
1.5503 5.1326 12.944
0.98818 10.298 -20.302
3.0049 0.88608 12.285
2.3937 5.6366 14.985
-3.2263 4.6735 -4.6703
1.8161 4.269 11.779
3.0866 6.037 13.07
4.2432 -0.10069 10.593
0.47347 3.3708 8.0438
0.16687 5.7356 10.435
1.2194 4.1857 -26.968
-9.6208 7.8068 -31.868
2.9232 2.2815 -10.163
1.8977 9.7303 -11.12
2.6394 4.7748 -3.2531
-7.4002 6.4439 -22.277
-2.3718 3.6707 -1.947
-0.70909 4.6246 5.4449
4.3607 -0.35018 11.147
-5.5385 2.6453 -16.172
4.1613 0.31253 7.6242
-6.878 4.0999 -21.761
2.9244 4.3923 8.1931
3.6989 -1.9661 17.701
2.8085 6.8543 1.4013
2.9644 4.2293 4.0691
1.8753 9.2116 -11.088
1.66 6.9507 -14.123
-0.68499 3.225 4.2062
3.5544 7.3711 12.669
-3.3552 1.303 -6.8155
-9.0069 10.08 -24.682
3.4754 2.0293 3.2417
1.9222 3.8174 11.346
1.6873 4.1785 11.513
1.9375 9.3622 -10.511
3.677 0.37532 12.137
5.2336 -2.6304 19.066
2.2029 4.9664 -10.281
3.5825 1.5522 -0.73856
4.9918 -2.773 20.092
-4.4544 6.7606 -7.4511
-2.4608 1.7335 -3.0878
3.844 0.48095 -5.6691
-9.7651 8.8339 -31.12
1.8242 3.3403 10.903
-4.5722 2.4128 -11.911
1.0578 10.976 -19.852
4.3529 -0.1391 9.1879
1.9363 3.44 11.064
1.6207 4.7931 12.379
-8.5773 8.3871 -25.558
4.4214 -0.47598 11.436
-8.132 1.881 -28.331
-7.649 9.2391 -19.059
2.1443 3.6482 11.285
-7.2199 4.1266 -23.367
3.0818 2.7284 -3.6901
3.4048 1.9037 -2.3075
5.312 -1.8918 13.286
-5.6736 5.0067 -15.434
3.4732 6.9553 14.519
2.9663 0.14601 13.396
1.4212 4.214 -24.147
3.2837 6.5285 13.5
0.42642 5.8924 -31.387
2.0893 6.7079 18.917
1.4664 6.1735 15.531
-0.32739 10.974 -32.86
-6.3959 0.92413 -20.236
-5.6324 8.2657 -10.472
-4.7135 7.0191 -8.2583
0.65898 5.9724 12.628
2.5162 4.4948 -6.4935
2.6286 6.8139 -1.2817
-8.3349 8.9006 -23.385
0.46188 4.2089 8.8051
2.9656 6.8006 20.065
1.2908 1.0257 9.8723
2.9702 3.7201 7.8329
2.9258 5.3862 11.317
-0.90479 0.66735 2.9602
1.0889 5.0873 11.859
-10.53 6.5057 -37.982
2.0781 2.6276 -21.95
-3.9687 0.78684 -9.4133
-6.5255 2.7968 -20.656
0.90359 7.0862 16.83
-2.9657 0.34927 -5.107
2.3273 0.9378 11.936
-0.44589 5.866 8.4907
1.3962 10.121 -16.277
-0.1153 7.276 -34.411
-7.5598 1.3578 -25.647
3.7714 1.2429 5.1841
-1.3321 7.6271 9.134
1.1438 5.82 13.674
2.857 6.3513 17.46
3.6439 0.38123 -10.667
1.256 1.1372 9.7461
0.71954 10.238 -22.906
1.1255 3.9131 -29.295
2.9484 5.0245 6.1687
3.6657 1.0959 9.2535
4.6479 -2.8595 20.475
3.488 1.8625 6.6896
0.2768 6.9224 -30.672
-3.7475 0.91891 -8.4735
-6.0708 3.4238 -18.327
0.73726 5.3752 -29.073
-5.0001 4.4967 -12.749
-8.6981 2.4009 -30.977
4.1889 -1.6373 17.149
2.6735 9.5822 -3.1382
3.059 3.2781 7.2911
-4.1209 2.8569 -9.7903
-0.10021 3.5721 6.438
1.7001 1.7231 10.549
0.48237 7.5032 -27.271
-0.1157 10.788 -30.892
2.521 3.9831 -8.3855
4.661 -1.3457 15.026
0.87738 0.2381 9.0768
-4.1957 3.1752 -9.9823
1.8302 -0.03399 11.794
1.9481 1.8169 10.928
-6.6927 6.1 -19.193
2.7306 5.2179 12.636
-3.2652 6.382 -2.5175
2.4483 -2.6831 16.189
4.412 -1.7146 17.186
-1.9054 0.84981 -0.87944
-1.0788 7.1635 8.9903
3.2327 1.6364 10.362
-2.3893 3.8652 -1.8721
3.2587 2.2614 -2.9483
0.62036 6.6879 -27.145
4.0502 0.55851 7.1107
1.2656 -1.8458 11.76
4.0308 -0.95034 15.345
-6.8071 3.7836 -21.593
3.5027 1.015 -8.1745
1.9989 5.6097 -11.738
2.5095 5.3773 -4.2431
-0.62593 -1.4489 4.8628
4.4139 -1.5543 16.654
-9.2103 2.7986 -33.377
1.2057 5.9707 14.249
2.1089 2.0781 -24.407
-5.3319 4.7028 -14.107
-3.6972 0.79882 -8.2499
0.79892 3.8841 9.3737
-5.7711 0.27953 -17.313
2.8772 2.5259 10.233
2.5899 -0.45361 13.748
3.1132 6.1587 9.1393
4.3645 -0.28333 10.534
3.6718 0.70089 11.016
-9.0672 3.3433 -32.557
-8.5336 6.676 -27.681
-1.1454 4.8192 4.0666
2.7128 6.3852 17.919
3.017 5.6587 10.803
2.2665 -1.7058 14.514
2.4865 5.7596 -4.0171
3.2959 6.9354 9.757
0.99579 9.6706 -20.174
2.792 6.5265 18.602
0.20605 -0.47649 7.2957
-5.8818 1.1488 -17.905
2.7901 3.4746 9.8829
2.7465 5.2484 0.072115
0.80374 3.6042 9.126
-7.6623 7.2586 -22.547
1.6329 3.3112 -25.016
-5.5283 6.6827 -12.759
-1.4577 7.0258 6.966
2.4695 -1.1486 14.344
2.2638 2.5658 11.017
1.4953 5.4636 13.605
2.1383 7.867 -7.8145
-0.12162 8.412 -32.609
-0.049983 10.036 -30.49
5.2003 -2.4507 18.313
0.94164 7.5982 -21.917
-1.0427 -1.5422 3.3291
2.9557 5.0909 8.4024
-1.87 4.9188 1.3259
3.8484 0.62567 10.031
3.1135 3.2011 6.1754
-8.5335 5.8441 -28.514
-2.3744 2.3094 -2.6248
-3.3598 3.1993 -6.3566
3.2141 6.3585 12.148
2.3324 6.7216 -5.5177
-0.02848 6.7454 12.228
2.7638 4.9616 -0.097327
2.9989 3.6808 7.2841
-10.897 8.0251 -38.264
2.7576 3.2387 10.13
0.89928 6.7878 15.795
1.7252 5.505 -15.832
-9.7417 2.3986 -36.002
2.6622 -0.93196 14.468
0.83731 3.1236 8.8737
2.2827 6.9711 20.504
2.8795 4.2745 0.71065
-0.93866 5.8145 6.4791
3.1395 7.6199 5.1391
2.321 6.8342 19.923
-9.6164 5.4015 -34.25
-4.7412 6.942 -8.5256
3.2378 6.7825 9.2063
2.7504 -0.81915 14.479
-5.6813 5.3806 -15.112
-0.71279 3.5176 4.3094
3.2743 6.6511 17.087
-3.9019 2.0894 -9.0613
-0.5494 9.6171 -35.739
-1.7879 -0.023105 -0.24566
1.8255 5.0802 -15.572
-2.3791 5.061 -0.60281
3.4546 7.8631 8.9503
-3.6335 8.2497 -0.34096
-1.6664 2.4038 0.19672
-7.6961 7.0923 -22.945
2.9776 6.3304 16.853
4.8009 -1.3083 13.903
4.2791 -2.1945 18.619
0.82005 3.3179 8.9505
3.3169 1.728 9.618
2.8808 4.7405 9.6559
2.9391 4.7304 7.9275
2.905 3.3644 9.1467
1.8229 10.025 -12.042
-3.4507 7.4552 -1.2988
3.0737 3.4768 5.4738
-3.1687 3.7176 -5.2351
-6.449 3.6555 -19.977
2.8411 5.5032 12.972
1.4268 5.7096 14.089
1.2733 4.1071 10.726
3.5748 7.1077 16.072
3.8049 1.1776 3.9359
0.012678 1.0617 6.104
3.5339 7.0378 15.722
0.63812 3.534 8.6282
4.8295 -0.93699 3.8852
3.9119 0.79286 0.048272
-2.4016 2.4167 -2.7029
3.4448 0.80386 11.683
