timestamp
10338    5831
10337    4604
10336    3065
10339    2906
10345    2228
10335    2198
10344    2073
10334    1813
10343    1747
10333    1670
10346    1660
10332    1559
10331    1401
10330    1338
10340    1146
10329    1134
10328     908
10347     884
10327     660
10342     610
10341     593
10348     580
10326     550
10325     502
10324     454
10323     448
10322     405
10349     375
10321     358
10350     340
10351     340
10320     297
10319     270
10318     233
10352     230
10218     222
10219     220
10220     214
10217     205
10222     204
10213     203
10224     200
10216     192
10212     192
10211     189
10317     188
10316     188
10204     184
10210     183
10207     182
10203     182
10214     177
10215     177
10208     176
10226     174
10209     172
10206     172
10205     169
10315     168
10313     148
10314     147
10353     147
10201     143
10198     140
10199     138
10196     138
10202     134
10078     130
10312     127
10194     124
10079     124
10195     121
10311     117
10197     116
10230     114
10310     112
10193     106
10309     106
10228     105
10233     104
10191     103
10192      98
10306      98
10354      95
10308      90
10305      88
10080      86
10082      81
10083      78
10081      78
10085      77
10236      76
10307      74
10242      73
10293      72
10299      70
10086      70
10238      69
10295      66
10240      66
10190      66
10165      64
10355      64
10084      63
10188      63
10173      62
10301      62
10170      62
10092      61
10091      61
10172      60
10169      60
10185      60
10290      60
10294      59
10184      59
10186      58
10087      58
10187      58
10302      57
10088      57
10167      57
10168      56
10252      55
10292      55
10289      55
10150      54
10246      54
10304      54
10189      53
10162      53
10160      53
10159      53
10161      52
10158      52
10300      52
10094      52
10291      52
10303      52
10163      51
10298      51
10155      51
10164      51
10090      51
10096      51
10297      50
10251      49
10296      49
10152      49
10171      49
10141      49
10287      49
10144      49
10250      49
10288      49
10089      48
10146      47
10145      47
10138      47
10153      47
10154      47
10257      47
10143      46
10183      46
10156      46
10157      46
10093      45
10098      45
10166      45
10099      45
10130      45
10131      45
10134      45
10097      45
10279      44
10283      44
10248      44
10095      44
10139      44
10101      44
10286      44
10284      42
10261      42
10135      42
10100      42
10147      42
10140      42
10280      41
10151      41
10128      41
10179      41
10137      40
10260      40
10142      39
10126      38
10125      38
10148      38
10176      37
10285      37
10281      37
10269      36
10132      35
10177      35
10122      35
10180      35
10267      35
10136      35
10181      34
10263      34
10265      33
10123      33
10133      32
10278      32
10149      32
10124      32
10274      31
10272      31
10127      31
10129      31
10262      30
10268      30
10282      30
10273      30
10264      29
10277      29
10175      28
10182      28
10271      27
10266      27
10174      25
10276      23
10178      20
10275      20
10253       4
10254       3
10255       3
10256       2
10258       1
10259       1